0 0.747988
10 0.758851
20 0.790524
30 0.815261
40 0.815326
50 0.815392
60 0.81657
70 0.821936
80 0.822263
90 0.821936
100 0.821936
110 0.821936
120 0.822001
130 0.822001
140 0.822001
150 0.816308
160 0.816308
170 0.816308
180 0.816308
190 0.816242
200 0.816373
210 0.816373
220 0.816373
230 0.816373
240 0.816373
250 0.816373
260 0.816373
270 0.816373
280 0.816373
290 0.816373
300 0.816373
310 0.816373
320 0.816373
330 0.816373
340 0.816373
350 0.814606
360 0.814606
370 0.800537
380 0.800667
390 0.800667
400 0.800667
410 0.800667
420 0.800667
430 0.800667
440 0.800667
450 0.800667
460 0.800667
470 0.800667
480 0.800667
490 0.800667
500 0.800667
510 0.800667
520 0.800667
530 0.800667
540 0.800667
550 0.800667
560 0.800667
570 0.800667
580 0.800667
590 0.800667
600 0.800667
610 0.800667
620 0.800667
630 0.800667
640 0.800667
650 0.815457
660 0.815457
670 0.815457
680 0.815457
690 0.815457
700 0.815457
710 0.815457
720 0.815457
730 0.815457
740 0.815457
750 0.815457
760 0.815457
770 0.815457
780 0.815457
790 0.815457
800 0.815457
810 0.815457
820 0.815457
830 0.815457
840 0.815457
850 0.815457
860 0.815457
870 0.815457
880 0.815457
890 0.815457
900 0.815457
910 0.815523
920 0.815523
930 0.815523
940 0.815523
950 0.815523
960 0.815523
970 0.815523
980 0.815523
990 0.815523
