0 0.722139
10 0.716314
20 0.731169
30 0.749297
40 0.754794
50 0.75571
60 0.756299
70 0.756757
80 0.760421
90 0.761534
100 0.761599
110 0.761861
120 0.756822
130 0.757346
140 0.757346
150 0.759113
160 0.759178
170 0.759178
180 0.759178
190 0.759178
200 0.759178
210 0.760945
220 0.76101
230 0.756168
240 0.755317
250 0.755317
260 0.755317
270 0.754008
280 0.751063
290 0.751718
300 0.751718
310 0.747464
320 0.74753
330 0.748119
340 0.748446
350 0.748446
360 0.748446
370 0.748446
380 0.748249
390 0.748184
400 0.748184
410 0.748184
420 0.748184
430 0.748184
440 0.748184
450 0.748184
460 0.748184
470 0.748119
480 0.748249
490 0.748249
500 0.74838
510 0.74838
520 0.74838
530 0.748249
540 0.748249
550 0.748249
560 0.748838
570 0.748838
580 0.748838
590 0.748838
600 0.748838
610 0.748838
620 0.748838
630 0.748838
640 0.748838
650 0.748838
660 0.748838
670 0.748838
680 0.748838
690 0.748838
700 0.748838
710 0.748838
720 0.748838
730 0.748838
740 0.748838
750 0.748838
760 0.748838
770 0.748838
780 0.748838
790 0.748838
800 0.748838
810 0.748838
820 0.748838
830 0.748838
840 0.748838
850 0.748838
860 0.748838
870 0.748838
880 0.748838
890 0.748249
900 0.748249
910 0.748249
920 0.748249
930 0.748249
940 0.748249
950 0.748249
960 0.748249
970 0.748315
980 0.748315
990 0.748315
